기간	자치구	동	합계	합계	합계	국민기초생활보장수급권자	국민기초생활보장수급권자	국민기초생활보장수급권자	저소득노인	저소득노인	저소득노인	일반	일반	일반
기간	자치구	동	계	남	여	계	남	여	계	남	여	계	남	여
2019	합계	합계	343,567	110,664	232,903	80,376	27,823	52,553	20,131	5,065	15,066	243,060	77,776	165,284
2019	종로구	소계	9,149	3,685	5,464	1,445	759	686	528	175	353	7,176	2,751	4,425
2019	종로구	사직동	439	144	295	59	23	36	20	2	18	360	119	241
2019	종로구	삼청동	167	51	116	13	3	10	5	-	5	149	48	101
2019	종로구	부암동	346	113	233	37	15	22	12	3	9	297	95	202
2019	종로구	평창동	640	165	475	45	9	36	26	2	24	569	154	415
2019	종로구	무악동	265	73	192	57	16	41	17	2	15	191	55	136
2019	종로구	교남동	1,650	675	975	68	30	38	25	4	21	1,557	641	916
2019	종로구	가회동	216	61	155	15	4	11	13	2	11	188	55	133
2019	종로구	종로1.2.3.4가동	781	599	182	298	230	68	38	24	14	445	345	100
2019	종로구	종로5·6가동	508	249	259	72	46	26	25	7	18	411	196	215
2019	종로구	이화동	596	202	394	89	35	54	130	43	87	377	124	253
2019	종로구	창신1동	477	239	238	184	134	50	21	10	11	272	95	177
2019	종로구	창신2동	496	164	332	129	54	75	22	11	11	345	99	246
2019	종로구	창신3동	328	114	214	47	20	27	25	10	15	256	84	172
2019	종로구	숭인1동	481	176	305	74	27	47	37	16	21	370	133	237
2019	종로구	숭인2동	626	319	307	125	80	45	27	10	17	474	229	245
2019	종로구	청운효자동	476	140	336	53	12	41	32	8	24	391	120	271
2019	종로구	혜화동	657	201	456	80	21	59	53	21	32	524	159	365
2019	중구	소계	6,323	2,427	3,896	1,447	680	767	325	84	241	4,551	1,663	2,888
2019	중구	소공동	72	37	35	14	12	2	1	-	1	57	25	32
2019	중구	회현동	492	271	221	182	132	50	12	5	7	298	134	164
2019	중구	명동	180	90	90	32	21	11	5	2	3	143	67	76
2019	중구	필동	238	102	136	31	17	14	8	4	4	199	81	118
2019	중구	장충동	207	73	134	34	15	19	5	2	3	168	56	112
2019	중구	광희동	392	199	193	56	35	21	12	6	6	324	158	166
2019	중구	을지로동	228	149	79	43	35	8	9	4	5	176	110	66
2019	중구	신당5동	481	164	317	115	50	65	32	6	26	334	108	226
2019	중구	황학동	562	224	338	151	76	75	24	7	17	387	141	246
2019	중구	중림동	508	205	303	144	77	67	26	6	20	338	122	216
2019	중구	신당동	464	201	263	93	51	42	27	7	20	344	143	201
2019	중구	다산동	609	199	410	114	44	70	30	10	20	465	145	320
2019	중구	약수동	949	272	677	219	54	165	81	17	64	649	201	448
2019	중구	청구동	657	163	494	184	52	132	39	8	31	434	103	331
2019	중구	동화동	284	78	206	35	9	26	14	-	14	235	69	166
2019	용산구	소계	8,838	2,848	5,990	2,154	917	1,237	293	68	225	6,391	1,863	4,528
2019	용산구	후암동	748	219	529	212	72	140	27	8	19	509	139	370
2019	용산구	용산2가동	483	121	362	113	33	80	29	4	25	341	84	257
2019	용산구	남영동	787	539	248	426	343	83	16	11	5	345	185	160
2019	용산구	원효로2동	482	130	352	127	49	78	12	2	10	343	79	264
2019	용산구	효창동	259	68	191	31	11	20	5	1	4	223	56	167
2019	용산구	용문동	399	102	297	106	24	82	11	2	9	282	76	206
2019	용산구	이촌1동	654	132	522	16	5	11	2	-	2	636	127	509
2019	용산구	이촌2동	365	82	283	47	13	34	9	1	8	309	68	241
2019	용산구	이태원1동	316	86	230	52	15	37	15	7	8	249	64	185
2019	용산구	이태원2동	406	100	306	79	14	65	18	1	17	309	85	224
2019	용산구	서빙고동	430	114	316	71	21	50	12	-	12	347	93	254
2019	용산구	보광동	714	193	521	245	64	181	41	4	37	428	125	303
2019	용산구	청파동	832	281	551	225	92	133	31	9	22	576	180	396
2019	용산구	원효로1동	439	162	277	74	32	42	17	4	13	348	126	222
2019	용산구	한강로동	702	253	449	157	65	92	16	6	10	529	182	347
2019	용산구	한남동	822	266	556	173	64	109	32	8	24	617	194	423
2019	성동구	소계	10,764	3,487	7,277	2,220	776	1,444	548	121	427	7,996	2,590	5,406
2019	성동구	왕십리2동	637	202	435	110	42	68	30	7	23	497	153	344
2019	성동구	마장동	888	309	579	166	65	101	49	17	32	673	227	446
2019	성동구	사근동	374	111	263	43	15	28	23	2	21	308	94	214
2019	성동구	행당1동	600	206	394	121	39	82	29	7	22	450	160	290
2019	성동구	행당2동	757	197	560	191	46	145	36	5	31	530	146	384
2019	성동구	응봉동	479	120	359	32	10	22	25	5	20	422	105	317
2019	성동구	금호1가동	612	171	441	199	48	151	37	6	31	376	117	259
2019	성동구	금호4가동	527	141	386	108	33	75	26	2	24	393	106	287
2019	성동구	성수1가1동	519	191	328	97	50	47	27	9	18	395	132	263
2019	성동구	성수1가2동	476	175	301	63	18	45	23	10	13	390	147	243
2019	성동구	성수2가1동	812	307	505	179	82	97	40	9	31	593	216	377
2019	성동구	성수2가3동	391	174	217	57	29	28	13	5	8	321	140	181
2019	성동구	송정동	479	180	299	132	57	75	31	6	25	316	117	199
2019	성동구	용답동	662	282	380	176	84	92	41	11	30	445	187	258
2019	성동구	왕십리도선동	887	291	596	256	80	176	42	10	32	589	201	388
2019	성동구	금호2.3가동	902	215	687	177	50	127	40	5	35	685	160	525
2019	성동구	옥수동	762	215	547	113	28	85	36	5	31	613	182	431
2019	광진구	소계	10,460	3,352	7,108	2,287	767	1,520	717	165	552	7,456	2,420	5,036
2019	광진구	화양동	559	180	379	99	38	61	23	7	16	437	135	302
2019	광진구	군자동	719	246	473	202	68	134	41	10	31	476	168	308
2019	광진구	중곡1동	575	215	360	163	56	107	43	15	28	369	144	225
2019	광진구	중곡2동	663	221	442	135	49	86	58	15	43	470	157	313
2019	광진구	중곡3동	716	240	476	177	55	122	62	16	46	477	169	308
2019	광진구	중곡4동	1,053	334	719	262	69	193	89	14	75	702	251	451
2019	광진구	능동	312	102	210	56	18	38	24	4	20	232	80	152
2019	광진구	구의1동	691	219	472	147	51	96	47	7	40	497	161	336
2019	광진구	구의2동	891	296	595	181	62	119	66	18	48	644	216	428
2019	광진구	구의3동	669	192	477	99	33	66	30	5	25	540	154	386
2019	광진구	광장동	522	149	373	58	22	36	27	6	21	437	121	316
2019	광진구	자양1동	834	262	572	226	67	159	67	11	56	541	184	357
2019	광진구	자양2동	693	207	486	158	58	100	40	11	29	495	138	357
2019	광진구	자양3동	644	167	477	85	32	53	35	7	28	524	128	396
2019	광진구	자양4동	919	322	597	239	89	150	65	19	46	615	214	401
2019	동대문구	소계	15,477	5,888	9,589	4,201	1,732	2,469	1,014	312	702	10,262	3,844	6,418
2019	동대문구	회기동	364	91	273	65	14	51	27	4	23	272	73	199
2019	동대문구	휘경1동	604	219	385	133	53	80	49	18	31	422	148	274
2019	동대문구	휘경2동	783	212	571	127	39	88	47	14	33	609	159	450
2019	동대문구	청량리동	1,667	619	1,048	620	288	332	107	32	75	940	299	641
2019	동대문구	용신동	1,661	742	919	587	313	274	81	35	46	993	394	599
2019	동대문구	제기동	1,691	646	1,045	488	237	251	127	47	80	1,076	362	714
2019	동대문구	전농1동	1,633	626	1,007	568	243	325	121	36	85	944	347	597
2019	동대문구	전농2동	691	198	493	175	44	131	54	11	43	462	143	319
2019	동대문구	답십리1동	778	261	517	177	59	118	52	15	37	549	187	362
2019	동대문구	답십리2동	1,149	334	815	340	95	245	82	23	59	727	216	511
2019	동대문구	장안1동	1,205	446	759	289	122	167	86	31	55	830	293	537
2019	동대문구	장안2동	1,684	1,007	677	230	91	139	62	11	51	1,392	905	487
2019	동대문구	이문1동	771	251	520	166	60	106	47	16	31	558	175	383
2019	동대문구	이문2동	796	236	560	236	74	162	72	19	53	488	143	345
2019	중랑구	소계	16,157	5,371	10,786	4,826	1,686	3,140	844	211	633	10,487	3,474	7,013
2019	중랑구	면목2동	1,032	333	699	305	96	209	63	16	47	664	221	443
2019	중랑구	면목4동	933	298	635	344	108	236	40	7	33	549	183	366
2019	중랑구	면목5동	365	124	241	99	33	66	22	10	12	244	81	163
2019	중랑구	면목7동	624	202	422	224	77	147	45	7	38	355	118	237
2019	중랑구	상봉1동	1,800	594	1,206	306	100	206	50	11	39	1,444	483	961
2019	중랑구	상봉2동	748	273	475	206	93	113	28	9	19	514	171	343
2019	중랑구	중화1동	695	227	468	166	49	117	36	13	23	493	165	328
2019	중랑구	중화2동	1,182	427	755	506	208	298	75	19	56	601	200	401
2019	중랑구	묵1동	773	235	538	200	60	140	47	5	42	526	170	356
2019	중랑구	묵2동	757	245	512	222	71	151	44	12	32	491	162	329
2019	중랑구	망우3동	874	308	566	320	130	190	50	11	39	504	167	337
2019	중랑구	신내1동	1,765	565	1,200	328	95	233	77	17	60	1,360	453	907
2019	중랑구	신내2동	855	270	585	322	113	209	53	15	38	480	142	338
2019	중랑구	면목본동	1,245	408	837	437	142	295	69	15	54	739	251	488
2019	중랑구	면목3.8동	1,177	398	779	375	138	237	69	17	52	733	243	490
2019	중랑구	망우본동	1,332	464	868	466	173	293	76	27	49	790	264	526
2019	성북구	소계	15,668	4,601	11,067	3,699	1,222	2,477	1,094	226	868	10,875	3,153	7,722
2019	성북구	돈암1동	569	147	422	154	39	115	54	7	47	361	101	260
2019	성북구	돈암2동	497	122	375	107	44	63	30	6	24	360	72	288
2019	성북구	안암동	580	169	411	117	39	78	45	7	38	418	123	295
2019	성북구	보문동	597	173	424	126	46	80	48	13	35	423	114	309
2019	성북구	정릉1동	553	147	406	111	38	73	32	7	25	410	102	308
2019	성북구	정릉2동	877	256	621	170	54	116	54	11	43	653	191	462
2019	성북구	정릉3동	861	277	584	221	75	146	61	12	49	579	190	389
2019	성북구	정릉4동	1,006	289	717	207	69	138	55	9	46	744	211	533
2019	성북구	길음1동	705	153	552	141	33	108	55	4	51	509	116	393
2019	성북구	길음2동	574	167	407	168	47	121	33	5	28	373	115	258
2019	성북구	월곡1동	927	284	643	246	81	165	66	19	47	615	184	431
2019	성북구	월곡2동	747	215	532	193	60	133	48	9	39	506	146	360
2019	성북구	장위1동	866	275	591	253	79	174	77	12	65	536	184	352
2019	성북구	장위2동	693	209	484	205	62	143	58	14	44	430	133	297
2019	성북구	장위3동	526	190	336	132	48	84	35	6	29	359	136	223
2019	성북구	성북동	689	209	480	100	39	61	35	7	28	554	163	391
2019	성북구	삼선동	916	269	647	218	86	132	73	16	57	625	167	458
2019	성북구	동선동	556	175	381	114	48	66	53	20	33	389	107	282
2019	성북구	종암동	1,455	401	1,054	332	101	231	84	23	61	1,039	277	762
2019	성북구	석관동	1,474	474	1,000	384	134	250	98	19	79	992	321	671
2019	강북구	소계	15,501	4,886	10,615	4,455	1,477	2,978	1,221	274	947	9,825	3,135	6,690
2019	강북구	번1동	904	324	580	239	84	155	57	24	33	608	216	392
2019	강북구	번2동	1,028	248	780	331	91	240	154	22	132	543	135	408
2019	강북구	번3동	1,197	307	890	516	155	361	158	25	133	523	127	396
2019	강북구	수유1동	1,077	367	710	336	124	212	87	18	69	654	225	429
2019	강북구	수유2동	1,006	273	733	278	78	200	69	10	59	659	185	474
2019	강북구	수유3동	1,177	441	736	291	116	175	64	17	47	822	308	514
2019	강북구	삼양동	1,299	458	841	425	143	282	83	27	56	791	288	503
2019	강북구	미아동	1,217	414	803	274	119	155	112	25	87	831	270	561
2019	강북구	송중동	1,316	422	894	322	104	218	99	37	62	895	281	614
2019	강북구	송천동	1,676	556	1,120	471	180	291	91	22	69	1,114	354	760
2019	강북구	삼각산동	863	174	689	346	66	280	54	11	43	463	97	366
2019	강북구	우이동	1,084	358	726	215	75	140	74	15	59	795	268	527
2019	강북구	인수동	1,657	544	1,113	411	142	269	119	21	98	1,127	381	746
2019	도봉구	소계	13,407	4,249	9,158	2,797	962	1,835	910	234	676	9,700	3,053	6,647
2019	도봉구	쌍문1동	929	295	634	226	71	155	73	17	56	630	207	423
2019	도봉구	쌍문2동	924	270	654	179	55	124	88	29	59	657	186	471
2019	도봉구	쌍문3동	736	239	497	150	61	89	55	18	37	531	160	371
2019	도봉구	쌍문4동	481	103	378	52	11	41	16	4	12	413	88	325
2019	도봉구	방학1동	1,283	478	805	325	133	192	90	22	68	868	323	545
2019	도봉구	방학2동	1,191	465	726	402	151	251	103	26	77	686	288	398
2019	도봉구	방학3동	764	155	609	74	7	67	39	13	26	651	135	516
2019	도봉구	창1동	985	263	722	154	52	102	33	9	24	798	202	596
2019	도봉구	창2동	1,008	310	698	188	45	143	70	24	46	750	241	509
2019	도봉구	창3동	776	260	516	235	74	161	54	8	46	487	178	309
2019	도봉구	창4동	789	216	573	85	25	60	32	5	27	672	186	486
2019	도봉구	창5동	766	209	557	108	40	68	51	12	39	607	157	450
2019	도봉구	도봉1동	1,468	576	892	323	128	195	109	31	78	1,036	417	619
2019	도봉구	도봉2동	1,307	410	897	296	109	187	97	16	81	914	285	629
2019	노원구	소계	21,249	5,953	15,296	6,471	1,913	4,558	1,964	415	1,549	12,814	3,625	9,189
2019	노원구	월계1동	937	330	607	197	90	107	65	12	53	675	228	447
2019	노원구	월계2동	1,646	503	1,143	798	267	531	171	35	136	677	201	476
2019	노원구	월계3동	1,410	359	1,051	491	137	354	125	33	92	794	189	605
2019	노원구	공릉2동	981	299	682	182	45	137	64	9	55	735	245	490
2019	노원구	하계1동	1,346	316	1,030	695	174	521	139	24	115	512	118	394
2019	노원구	하계2동	668	151	517	208	45	163	84	16	68	376	90	286
2019	노원구	중계본동	644	195	449	96	25	71	88	17	71	460	153	307
2019	노원구	중계1동	504	115	389	129	30	99	61	10	51	314	75	239
2019	노원구	중계4동	1,108	299	809	482	147	335	133	28	105	493	124	369
2019	노원구	상계1동	1,365	444	921	320	92	228	115	29	86	930	323	607
2019	노원구	상계2동	753	276	477	195	74	121	62	12	50	496	190	306
2019	노원구	상계5동	1,336	426	910	321	89	232	118	38	80	897	299	598
2019	노원구	상계8동	582	125	457	34	12	22	18	3	15	530	110	420
2019	노원구	상계9동	723	167	556	62	14	48	41	8	33	620	145	475
2019	노원구	상계10동	444	102	342	46	11	35	15	2	13	383	89	294
2019	노원구	상계3.4동	1,827	607	1,220	640	221	419	209	49	160	978	337	641
2019	노원구	상계6.7동	1,164	251	913	88	26	62	48	18	30	1,028	207	821
2019	노원구	중계2.3동	2,227	497	1,730	976	244	732	293	47	246	958	206	752
2019	노원구	공릉1동	1,584	491	1,093	511	170	341	115	25	90	958	296	662
2019	은평구	소계	19,974	6,349	13,625	4,756	1,501	3,255	849	186	663	14,369	4,662	9,707
2019	은평구	녹번동	1,843	591	1,252	394	157	237	68	16	52	1,381	418	963
2019	은평구	불광1동	1,985	611	1,374	440	145	295	57	15	42	1,488	451	1,037
2019	은평구	갈현1동	1,167	403	764	335	114	221	51	12	39	781	277	504
2019	은평구	갈현2동	1,051	318	733	248	86	162	61	10	51	742	222	520
2019	은평구	구산동	1,235	481	754	280	87	193	56	11	45	899	383	516
2019	은평구	대조동	1,408	466	942	344	122	222	60	13	47	1,004	331	673
2019	은평구	응암1동	993	276	717	199	46	153	36	10	26	758	220	538
2019	은평구	응암2동	781	238	543	228	50	178	28	6	22	525	182	343
2019	은평구	신사1동	976	306	670	171	61	110	41	6	35	764	239	525
2019	은평구	신사2동	911	300	611	198	60	138	39	14	25	674	226	448
2019	은평구	증산동	669	215	454	126	38	88	23	2	21	520	175	345
2019	은평구	수색동	469	122	347	156	31	125	16	1	15	297	90	207
2019	은평구	진관동	1,223	373	850	254	58	196	59	16	43	910	299	611
2019	은평구	불광2동	1,669	560	1,109	542	173	369	68	17	51	1,059	370	689
2019	은평구	응암3동	1,650	494	1,156	404	123	281	78	15	63	1,168	356	812
2019	은평구	역촌동	1,944	595	1,349	437	150	287	108	22	86	1,399	423	976
2019	서대문구	소계	12,230	3,612	8,618	2,519	809	1,710	634	135	499	9,077	2,668	6,409
2019	서대문구	천연동	999	294	705	295	91	204	42	13	29	662	190	472
2019	서대문구	홍제1동	923	272	651	159	60	99	45	6	39	719	206	513
2019	서대문구	홍제3동	847	226	621	176	48	128	81	12	69	590	166	424
2019	서대문구	홍제2동	604	142	462	154	33	121	37	5	32	413	104	309
2019	서대문구	홍은1동	976	273	703	231	80	151	63	13	50	682	180	502
2019	서대문구	홍은2동	1,023	308	715	168	51	117	53	16	37	802	241	561
2019	서대문구	남가좌1동	364	120	244	72	29	43	13	4	9	279	87	192
2019	서대문구	남가좌2동	1,086	325	761	280	78	202	70	17	53	736	230	506
2019	서대문구	북가좌1동	493	146	347	103	30	73	26	4	22	364	112	252
2019	서대문구	북가좌2동	1,445	443	1,002	281	88	193	63	15	48	1,101	340	761
2019	서대문구	충현동	841	282	559	167	65	102	47	11	36	627	206	421
2019	서대문구	북아현동	586	175	411	143	54	89	22	3	19	421	118	303
2019	서대문구	신촌동	562	178	384	79	34	45	26	6	20	457	138	319
2019	서대문구	연희동	1,481	428	1,053	211	68	143	46	10	36	1,224	350	874
2019	마포구	소계	12,067	3,245	8,822	2,277	700	1,577	688	128	560	9,102	2,417	6,685
2019	마포구	용강동	650	135	515	129	37	92	30	6	24	491	92	399
2019	마포구	대흥동	594	192	402	127	50	77	36	8	28	431	134	297
2019	마포구	염리동	436	124	312	112	34	78	21	3	18	303	87	216
2019	마포구	신수동	662	175	487	91	27	64	21	3	18	550	145	405
2019	마포구	서교동	687	203	484	65	28	37	29	4	25	593	171	422
2019	마포구	합정동	648	182	466	96	31	65	37	16	21	515	135	380
2019	마포구	망원1동	839	230	609	168	43	125	46	9	37	625	178	447
2019	마포구	망원2동	621	161	460	72	24	48	36	10	26	513	127	386
2019	마포구	연남동	611	164	447	68	14	54	31	5	26	512	145	367
2019	마포구	성산1동	637	200	437	120	49	71	31	6	25	486	145	341
2019	마포구	성산2동	1,513	349	1,164	438	115	323	167	24	143	908	210	698
2019	마포구	상암동	541	133	408	128	30	98	60	14	46	353	89	264
2019	마포구	도화동	730	207	523	175	59	116	37	5	32	518	143	375
2019	마포구	서강동	670	183	487	68	21	47	21	8	13	581	154	427
2019	마포구	공덕동	1,574	443	1,131	297	103	194	62	6	56	1,215	334	881
2019	마포구	아현동	654	164	490	123	35	88	23	1	22	508	128	380
2019	양천구	소계	13,614	4,169	9,445	3,288	1,050	2,238	995	289	706	9,331	2,830	6,501
2019	양천구	목1동	439	122	317	61	13	48	23	3	20	355	106	249
2019	양천구	목2동	829	237	592	191	70	121	58	15	43	580	152	428
2019	양천구	목3동	711	191	520	154	36	118	38	12	26	519	143	376
2019	양천구	목4동	696	200	496	245	92	153	54	23	31	397	85	312
2019	양천구	신월1동	472	105	367	4	1	3	1	26	1	467	104	363
2019	양천구	신월2동	1,168	439	729	396	134	262	98	26	72	674	279	395
2019	양천구	신월3동	742	222	520	167	59	108	63	15	48	512	148	364
2019	양천구	신월4동	985	401	584	230	96	134	88	26	62	667	279	388
2019	양천구	신월5동	523	152	371	128	54	74	67	19	48	328	79	249
2019	양천구	신월6동	515	171	344	98	31	67	169	58	111	248	82	166
2019	양천구	신월7동	255	66	189	38	12	26	3	2	1	214	52	162
2019	양천구	신정1동	1,102	321	781	238	72	166	100	29	71	764	220	544
2019	양천구	신정2동	435	120	315	63	20	43	36	11	25	336	89	247
2019	양천구	신정3동	540	140	400	196	51	145	20	2	18	324	87	237
2019	양천구	신정6동	1,338	396	942	333	100	233	77	21	56	928	275	653
2019	양천구	신정7동	1,337	486	851	220	87	133	34	10	24	1,083	389	694
2019	양천구	목5동	316	67	249	5	3	2	2	1	1	309	63	246
2019	양천구	신정4동	1,211	333	878	521	119	402	64	16	48	626	198	428
2019	강서구	소계	19,498	6,241	13,257	5,956	2,020	3,936	1,373	379	994	12,169	3,842	8,327
2019	강서구	염창동	522	144	378	9	2	7	13	2	11	500	140	360
2019	강서구	등촌1동	668	200	468	61	22	39	16	7	9	591	171	420
2019	강서구	등촌2동	448	127	321	40	9	31	21	4	17	387	114	273
2019	강서구	등촌3동	2,339	757	1,582	1,330	451	879	184	48	136	825	258	567
2019	강서구	화곡본동	995	322	673	244	65	179	84	17	67	667	240	427
2019	강서구	화곡2동	565	183	382	188	50	138	34	6	28	343	127	216
2019	강서구	화곡3동	704	212	492	143	54	89	29	7	22	532	151	381
2019	강서구	화곡4동	737	217	520	199	56	143	34	8	26	504	153	351
2019	강서구	화곡6동	880	298	582	179	57	122	56	14	42	645	227	418
2019	강서구	화곡8동	845	270	575	171	67	104	20	6	14	654	197	457
2019	강서구	가양1동	534	168	366	43	10	33	32	8	24	459	150	309
2019	강서구	가양2동	1,348	462	886	571	229	342	88	23	65	689	210	479
2019	강서구	가양3동	1,116	300	816	619	184	435	59	7	52	438	109	329
2019	강서구	발산1동	732	181	551	192	38	154	51	10	41	489	133	356
2019	강서구	공항동	914	385	529	166	74	92	45	8	37	703	303	400
2019	강서구	방화1동	1,065	342	723	212	70	142	88	22	66	765	250	515
2019	강서구	방화2동	1,159	398	761	453	172	281	81	28	53	625	198	427
2019	강서구	방화3동	1,434	459	975	546	203	343	214	76	138	674	180	494
2019	강서구	화곡1동	1,762	605	1,157	481	170	311	180	64	116	1,101	371	730
2019	강서구	우장산동	731	211	520	109	37	72	44	14	30	578	160	418
2019	구로구	소계	14,414	4,849	9,565	2,718	969	1,749	686	154	532	11,010	3,726	7,284
2019	구로구	신도림동	590	162	428	41	14	27	18	3	15	531	145	386
2019	구로구	구로1동	329	85	244	21	8	13	10	1	9	298	76	222
2019	구로구	구로3동	760	230	530	91	29	62	55	8	47	614	193	421
2019	구로구	구로4동	1,187	388	799	253	82	171	54	10	44	880	296	584
2019	구로구	구로5동	917	323	594	128	45	83	30	8	22	759	270	489
2019	구로구	고척1동	835	274	561	136	58	78	28	7	21	671	209	462
2019	구로구	고척2동	1,055	351	704	225	79	146	56	16	40	774	256	518
2019	구로구	개봉2동	954	297	657	180	70	110	35	7	28	739	220	519
2019	구로구	개봉3동	809	247	562	170	52	118	41	9	32	598	186	412
2019	구로구	오류1동	925	351	574	220	95	125	54	10	44	651	246	405
2019	구로구	오류2동	1,381	414	967	283	72	211	82	17	65	1,016	325	691
2019	구로구	수궁동	857	274	583	138	37	101	62	12	50	657	225	432
2019	구로구	가리봉동	865	377	488	197	94	103	29	6	23	639	277	362
2019	구로구	구로2동	1,574	538	1,036	324	116	208	58	14	44	1,192	408	784
2019	구로구	개봉1동	1,376	538	838	311	118	193	74	26	48	991	394	597
2019	금천구	소계	10,540	3,652	6,888	2,609	895	1,714	869	268	601	7,062	2,489	4,573
2019	금천구	가산동	710	340	370	136	78	58	76	41	35	498	221	277
2019	금천구	독산1동	1,148	401	747	375	132	243	61	15	46	712	254	458
2019	금천구	독산2동	1,207	413	794	211	77	134	126	38	88	870	298	572
2019	금천구	독산3동	1,520	587	933	280	90	190	121	28	93	1,119	469	650
2019	금천구	독산4동	635	199	436	155	39	116	40	7	33	440	153	287
2019	금천구	시흥1동	1,446	475	971	386	135	251	110	39	71	950	301	649
2019	금천구	시흥2동	720	208	512	246	73	173	80	14	66	394	121	273
2019	금천구	시흥3동	579	185	394	91	24	67	35	9	26	453	152	301
2019	금천구	시흥4동	1,401	482	919	339	123	216	135	55	80	927	304	623
2019	금천구	시흥5동	1,174	362	812	390	124	266	85	22	63	699	216	483
2019	영등포구	소계	14,613	5,217	9,396	2,919	1,277	1,642	582	132	450	11,112	3,808	7,304
2019	영등포구	여의동	1,036	252	784	28	5	23	5	1	4	1,003	246	757
2019	영등포구	당산1동	839	315	524	150	81	69	34	7	27	655	227	428
2019	영등포구	당산2동	756	225	531	58	20	38	19	9	10	679	196	483
2019	영등포구	양평1동	585	204	381	83	27	56	25	9	16	477	168	309
2019	영등포구	양평2동	493	153	340	66	15	51	24	8	16	403	130	273
2019	영등포구	신길1동	1,063	364	699	245	85	160	79	20	59	739	259	480
2019	영등포구	신길3동	819	263	556	200	71	129	37	6	31	582	186	396
2019	영등포구	신길4동	599	205	394	168	60	108	39	3	36	392	142	250
2019	영등포구	신길5동	523	186	337	134	45	89	36	5	31	353	136	217
2019	영등포구	신길6동	717	230	487	141	47	94	25	3	22	551	180	371
2019	영등포구	신길7동	363	110	253	49	15	34	15	1	14	299	94	205
2019	영등포구	대림1동	777	245	532	143	44	99	36	9	27	598	192	406
2019	영등포구	대림2동	783	255	528	166	45	121	26	6	20	591	204	387
2019	영등포구	대림3동	925	312	613	201	81	120	47	13	34	677	218	459
2019	영등포구	영등포본동	1,128	454	674	285	144	141	34	8	26	809	302	507
2019	영등포구	영등포동	1,454	812	642	500	348	152	28	7	21	926	457	469
2019	영등포구	도림동	909	331	578	202	84	118	48	10	38	659	237	422
2019	영등포구	문래동	844	301	543	100	60	40	25	7	18	719	234	485
2019	동작구	소계	14,228	4,183	10,045	2,779	828	1,951	934	216	718	10,515	3,139	7,376
2019	동작구	노량진2동	908	349	559	238	106	132	63	17	46	607	226	381
2019	동작구	상도1동	1,343	338	1,005	352	81	271	112	18	94	879	239	640
2019	동작구	상도2동	904	247	657	130	33	97	58	14	44	716	200	516
2019	동작구	상도3동	940	294	646	179	47	132	74	20	54	687	227	460
2019	동작구	상도4동	1,174	339	835	270	86	184	86	17	69	818	236	582
2019	동작구	사당1동	832	314	518	152	59	93	38	10	28	642	245	397
2019	동작구	사당3동	733	216	517	94	31	63	29	7	22	610	178	432
2019	동작구	사당4동	582	149	433	125	28	97	50	7	43	407	114	293
2019	동작구	사당5동	460	131	329	78	16	62	34	27	7	348	88	260
2019	동작구	대방동	1,253	315	938	306	71	235	111	12	99	836	232	604
2019	동작구	신대방1동	758	235	523	116	41	75	46	16	30	596	178	418
2019	동작구	신대방2동	619	225	394	124	56	68	40	11	29	455	158	297
2019	동작구	흑석동	1,360	347	1,013	200	54	146	64	16	48	1,096	277	819
2019	동작구	노량진1동	1,314	361	953	284	79	205	91	15	76	939	267	672
2019	동작구	사당2동	1,048	323	725	131	40	91	38	9	29	879	274	605
2019	관악구	소계	18,725	6,223	12,502	4,382	1,474	2,908	855	214	641	13,488	4,535	8,953
2019	관악구	보라매동	1,024	297	727	207	78	129	41	10	31	776	209	567
2019	관악구	청림동	638	178	460	181	60	121	24	4	20	433	114	319
2019	관악구	행운동	1,009	336	673	271	89	182	33	7	26	705	240	465
2019	관악구	낙성대동	528	186	342	83	30	53	14	3	11	431	153	278
2019	관악구	중앙동	671	238	433	156	57	99	29	6	23	486	175	311
2019	관악구	인헌동	813	227	586	111	31	80	48	10	38	654	186	468
2019	관악구	남현동	471	170	301	74	24	50	31	7	24	366	139	227
2019	관악구	서원동	746	269	477	144	61	83	25	8	17	577	200	377
2019	관악구	신원동	870	270	600	204	61	143	52	14	38	614	195	419
2019	관악구	서림동	793	279	514	144	63	81	24	6	18	625	210	415
2019	관악구	신사동	889	298	591	232	63	169	36	9	27	621	226	395
2019	관악구	신림동	573	235	338	123	65	58	16	7	9	434	163	271
2019	관악구	난향동	605	181	424	158	34	124	32	5	27	415	142	273
2019	관악구	조원동	698	284	414	140	58	82	27	10	17	531	216	315
2019	관악구	대학동	666	255	411	104	63	41	24	10	14	538	182	356
2019	관악구	은천동	1,290	433	857	374	108	266	75	24	51	841	301	540
2019	관악구	성현동	1,201	317	884	401	95	306	52	5	47	748	217	531
2019	관악구	청룡동	1,148	442	706	230	100	130	46	18	28	872	324	548
2019	관악구	난곡동	1,356	458	898	387	139	248	63	25	38	906	294	612
2019	관악구	삼성동	1,556	500	1,056	436	124	312	104	20	84	1,016	356	660
2019	관악구	미성동	1,180	370	810	222	71	151	59	6	53	899	293	606
2019	서초구	소계	9,405	2,837	6,568	1,494	433	1,061	370	110	260	7,541	2,294	5,247
2019	서초구	서초1동	518	180	338	117	37	80	12	4	8	389	139	250
2019	서초구	서초2동	313	101	212	28	11	17	9	3	6	276	87	189
2019	서초구	서초3동	688	251	437	83	26	57	17	8	9	588	217	371
2019	서초구	서초4동	397	104	293	14	2	12	7	2	5	376	100	276
2019	서초구	잠원동	703	185	518	76	27	49	13	4	9	614	154	460
2019	서초구	반포본동	247	54	193	3	-	3	4	-	4	240	54	186
2019	서초구	반포1동	583	186	397	86	27	59	24	7	17	473	152	321
2019	서초구	반포2동	181	30	151	2	-	2	1	1	-	178	29	149
2019	서초구	반포3동	382	71	311	4	1	3	5	2	3	373	68	305
2019	서초구	반포4동	380	105	275	17	1	16	9	3	6	354	101	253
2019	서초구	방배본동	447	133	314	59	15	44	17	5	12	371	113	258
2019	서초구	방배1동	438	135	303	83	24	59	14	5	9	341	106	235
2019	서초구	방배2동	685	233	452	132	38	94	41	14	27	512	181	331
2019	서초구	방배3동	554	152	402	76	18	58	29	10	19	449	124	325
2019	서초구	방배4동	579	173	406	80	17	63	15	5	10	484	151	333
2019	서초구	양재1동	1,215	339	876	401	110	291	93	17	76	721	212	509
2019	서초구	양재2동	576	218	358	137	58	79	28	10	18	411	150	261
2019	서초구	내곡동	519	187	332	96	21	75	32	10	22	391	156	235
2019	강남구	소계	12,358	3,627	8,731	2,959	955	2,004	213	78	135	9,186	2,594	6,592
2019	강남구	신사동	425	108	317	45	14	31	11	4	7	369	90	279
2019	강남구	논현1동	571	217	354	117	43	74	11	2	9	443	172	271
2019	강남구	논현2동	470	135	335	79	29	50	13	4	9	378	102	276
2019	강남구	삼성1동	261	76	185	26	9	17	5	1	4	230	66	164
2019	강남구	삼성2동	539	164	375	70	23	47	8	3	5	461	138	323
2019	강남구	대치1동	163	31	132	1	-	1	4	2	2	158	29	129
2019	강남구	대치4동	371	120	251	73	27	46	6	-	6	292	93	199
2019	강남구	역삼1동	710	294	416	139	59	80	21	12	9	550	223	327
2019	강남구	역삼2동	506	134	372	55	15	40	15	6	9	436	113	323
2019	강남구	도곡1동	407	133	274	33	17	16	6	1	5	368	115	253
2019	강남구	도곡2동	542	172	370	17	7	10	3	1	2	522	164	358
2019	강남구	개포1동	331	115	216	55	24	31	12	5	7	264	86	178
2019	강남구	개포4동	412	125	287	112	29	83	16	2	14	284	94	190
2019	강남구	일원본동	398	88	310	11	3	8	7	3	4	380	82	298
2019	강남구	일원1동	793	232	561	382	115	267	15	8	7	396	109	287
2019	강남구	일원2동	839	188	651	368	98	270	8	3	5	463	87	376
2019	강남구	수서동	1,529	428	1,101	929	299	630	12	5	7	588	124	464
2019	강남구	세곡동	1,045	328	717	293	92	201	13	7	6	739	229	510
2019	강남구	압구정동	726	176	550	25	7	18	4	2	2	697	167	530
2019	강남구	청담동	483	133	350	47	16	31	9	4	5	427	113	314
2019	강남구	대치2동	457	132	325	41	13	28	8	1	7	408	118	290
2019	강남구	개포2동	380	98	282	41	16	25	6	2	4	333	80	253
2019	송파구	소계	15,717	5,307	10,410	2,827	987	1,840	696	226	470	12,194	4,094	8,100
2019	송파구	풍납1동	642	202	440	161	52	109	17	10	7	464	140	324
2019	송파구	풍납2동	640	187	453	130	43	87	19	4	15	491	140	351
2019	송파구	거여1동	487	183	304	156	58	98	31	7	24	300	118	182
2019	송파구	거여2동	956	573	383	165	48	117	49	8	41	742	517	225
2019	송파구	마천1동	1,000	361	639	155	61	94	67	22	45	778	278	500
2019	송파구	마천2동	877	320	557	235	80	155	69	27	42	573	213	360
2019	송파구	방이1동	282	108	174	24	12	12	17	4	13	241	92	149
2019	송파구	방이2동	956	359	597	192	69	123	44	20	24	720	270	450
2019	송파구	오륜동	240	47	193	3	-	3	1	-	1	236	47	189
2019	송파구	오금동	1,010	288	722	211	58	153	57	12	45	742	218	524
2019	송파구	송파1동	572	197	375	81	29	52	11	3	8	480	165	315
2019	송파구	송파2동	346	109	237	63	17	46	5	3	2	278	89	189
2019	송파구	석촌동	1,263	493	770	294	140	154	30	16	14	939	337	602
2019	송파구	삼전동	848	252	596	283	63	220	36	11	25	529	178	351
2019	송파구	가락본동	704	281	423	127	52	75	31	8	23	546	221	325
2019	송파구	가락1동	33	5	28	7	1	6	1	1	-	25	3	22
2019	송파구	가락2동	537	153	384	89	28	61	26	7	19	422	118	304
2019	송파구	문정1동	381	118	263	58	24	34	7	3	4	316	91	225
2019	송파구	문정2동	361	94	267	15	7	8	2	-	2	344	87	257
2019	송파구	장지동	745	195	550	114	31	83	88	24	64	543	140	403
2019	송파구	위례동	256	61	195	21	5	16	25	7	18	210	49	161
2019	송파구	잠실본동	780	310	470	214	103	111	53	25	28	513	182	331
2019	송파구	잠실4동	289	58	231	2	1	1	-	-	-	287	57	230
2019	송파구	잠실6동	270	73	197	5	-	5	1	-	1	264	73	191
2019	송파구	잠실7동	227	49	178	3	-	3	1	-	1	223	49	174
2019	송파구	잠실2동	408	83	325	6	2	4	7	3	4	395	78	317
2019	송파구	잠실3동	607	148	459	13	3	10	1	1	-	593	144	449
2019	강동구	소계	13,191	4,406	8,785	2,891	1,034	1,857	929	265	664	9,371	3,107	6,264
2019	강동구	강일동	627	179	448	159	34	125	91	18	73	377	127	250
2019	강동구	상일동	455	139	316	70	17	53	28	6	22	357	116	241
2019	강동구	명일1동	593	135	458	81	27	54	33	5	28	479	103	376
2019	강동구	명일2동	277	80	197	43	11	32	22	5	17	212	64	148
2019	강동구	고덕1동	372	123	249	94	27	67	35	11	24	243	85	158
2019	강동구	고덕2동	513	186	327	151	44	107	42	15	27	320	127	193
2019	강동구	암사2동	355	96	259	36	14	22	25	20	5	294	62	232
2019	강동구	암사3동	291	80	211	30	10	20	16	5	11	245	65	180
2019	강동구	천호1동	1,233	409	824	306	124	182	89	20	69	838	265	573
2019	강동구	천호3동	1,219	453	766	371	141	230	104	36	68	744	276	468
2019	강동구	성내1동	432	135	297	54	20	34	5	1	4	373	114	259
2019	강동구	성내2동	1,067	397	670	222	86	136	73	27	46	772	284	488
2019	강동구	성내3동	682	211	471	115	39	76	40	8	32	527	164	363
2019	강동구	둔촌1동	3	2	1	-	-	-	-	-	-	3	2	1
2019	강동구	둔촌2동	775	254	521	135	43	92	59	9	50	581	202	379
2019	강동구	암사1동	1,304	441	863	331	125	206	79	20	59	894	296	598
2019	강동구	천호2동	1,538	584	954	429	169	260	111	34	77	998	381	617
2019	강동구	길동	1,455	502	953	264	103	161	77	25	52	1,114	374	740